Приемлемый результат: 
		GBS		GC		ICP		BTV		оценка
44		101		1		20		250
88		111		1		20		250
121		121		-1		20		250
176		131		1		20		250
209		141		-1		20		250
240		151		-3		20		210
284		161		-3		20		210
295		161		-1		20		210
308		161		1		20		250
396		181		1		20		250
418		191		-3		20		230
447		201		-5		20		170

Плохой результат:
110		121		-3		20		250
143		131		-5		20		250
187		141		-5		20		250
242		151		-3		20		250
319		171		-5		20		250
451		201		-5		20		250
462		201		-3		20		250
693		251		-1		20		250
792		271		1		20		250
880		291		1		20		250

Требуется дополнительная обработка:
147		131		-3		20		110
374		181		-3		20		250
715		261		-5		20		250

Исключить их параметры из обработки (неиформативный результат):
386		181		1		20		50
387		181		1		20		70
388		181		1		20		90
389		181		1		20		110
390		181		1		20		130
391		181		1		20		150
392		181		1		20		170
393		181		1		20		190

551		221		-1		20		50
552		221		-1		20		70
553		221		-1		20		90
554		221		-1		20		110
555		221		-1		20		130
556		221		-1		20		150
557		221     -1		20		170

Заметки:
GC нужно делать меньше, тогда лучше структура видна
BTV нужно повышать (больше ~200)
